X2_79.3 X2_79.4 X20_77.1 X20_77.3 X25_8.3 X25_8.2 X25_8.0 X29_57.2 X29_57.0 X29_57.3 X40_43.2 X40_43.4 X44_19.2 X44_19.0 X44_19.4 X51_33.3 X51_33.0 X51_33.1 X52_36.4 X52_36.0 X52_36.2 X56_23.3 X56_23.1 X64_29.3 X64_29.4 X66_73.2 X66_73.0 X66_73.1 X73_47.3 X73_47.4 X76_79.4 X76_79.3 X77_72.2 X77_72.4 X82_33.1 X82_33.4 X85_38.2 X85_38.4 X87_70.2 X87_70.1 X89_35.2 X89_35.1 X93_15.2 X93_15.1 X93_15.0 X97_62.3 X97_62.2 X99_24.1 X99_24.3 X107_24.4 X107_24.0 X107_24.2 X114_60.4 X114_60.3 X125_18.4 X125_18.1 X127_51.2 X127_51.4 X128_48.3 X128_48.1 X129_59.2 X129_59.0 X129_59.4 X133_14.3 X133_14.1 X133_14.0 X159_69.4 X159_69.1 X162_71.4 X162_71.0 X162_71.2 X172_45.4 X172_45.3 X173_40.3 X173_40.1 X173_40.0 X174_34.3 X174_34.1 X183_51.1 X183_51.4 X183_51.0 X189_35.3 X189_35.1 X197_37.4 X197_37.0 X197_37.2 X219_25.2 X219_25.3 X220_7.2 X220_7.4 X222_56.2 X222_56.4 X222_56.0 X223_50.1 X223_50.4 X223_50.0 X229_29.2 X229_29.0 X229_29.1 X234_48.2 X234_48.4 X237_50.1 X237_50.4 X240_38.2 X240_38.4 X240_38.0 X241_61.3 X241_61.1 X244_50.1 X244_50.4 X248_8.3 X248_8.2 X248_8.0 X268_30.2 X268_30.1 X271_75.3 X271_75.0 X271_75.1 X272_26.2 X272_26.1 X273_42.1 X273_42.2 X273_42.0 X274_58.4 X274_58.2 X276_11.1 X276_11.3 X276_11.0 X278_70.4 X278_70.0 X278_70.2 X293_77.2 X293_77.4 X299_45.2 X299_45.4 X302_52.1 X302_52.3 X305_12.3 X305_12.0 X305_12.4 X309_36.3 X309_36.1 X309_36.0 X311_62.2 X311_62.0 X311_62.1 X316_45.2 X316_45.3 X316_45.0 X318_63.3 X318_63.4 X319_71.2 X319_71.4 X334_42.2 X334_42.1 X343_20.2 X343_20.4 X350_22.2 X350_22.0 X350_22.4 X354_33.3 X354_33.1 X355_46.2 X355_46.4 X356_19.2 X356_19.1 X363_61.3 X363_61.0 X363_61.4 X364_79.3 X364_79.1 X377_50.2 X377_50.4 X379_74.3 X379_74.1 X379_74.0 X387_44.1 X387_44.3 X387_44.0 X388_40.3 X388_40.4 X388_40.0 X401_65.3 X401_65.1 X422_70.3 X422_70.1 X427_35.0 X427_35.2 X427_35.4 X428_23.1 X428_23.0 X428_23.3 X439_34.3 X439_34.1 X439_34.0 X446_72.2 X446_72.4 X447_5.1 X447_5.3 X447_5.0
2 0 2 0 2 0 0 2 0 0 2 0 2 0 0 2 0 0 2 0 0 2 0 2 0 2 0 0 2 0 2 0 2 0 2 0 2 0 2 0 2 0 2 0 0 2 0 2 0 2 0 0 2 0 2 0 2 0 2 0 2 0 0 2 0 0 2 0 2 0 0 2 0 2 0 0 2 0 1 1 0 2 0 2 0 0 2 0 2 0 2 0 0 2 0 0 2 0 0 2 0 2 0 2 0 0 2 0 2 0 2 0 0 2 0 2 0 0 2 0 1 1 0 2 0 2 0 0 2 0 0 2 0 2 0 2 0 2 0 0 2 0 0 2 0 0 2 0 0 2 0 2 0 2 0 2 0 2 0 0 2 0 2 0 2 0 2 0 0 2 0 2 0 2 0 0 1 1 0 2 0 0 2 0 2 0 2 0 0 2 0 0 2 0 0 2 0 1 1 0
2 0 2 0 2 0 0 2 0 0 2 0 2 0 0 2 0 0 2 0 0 2 0 2 0 2 0 0 2 0 2 0 2 0 2 0 2 0 2 0 2 0 2 0 0 1 1 2 0 2 0 0 2 0 2 0 2 0 2 0 2 0 0 2 0 0 2 0 2 0 0 2 0 2 0 0 2 0 1 1 0 2 0 0 2 0 2 0 2 0 1 1 0 2 0 0 2 0 0 2 0 2 0 2 0 0 2 0 2 0 1 1 0 2 0 2 0 0 2 0 0 2 0 2 0 2 0 0 2 0 0 2 0 2 0 2 0 2 0 0 2 0 0 2 0 0 2 0 0 2 0 2 0 2 0 2 0 2 0 0 2 0 2 0 2 0 2 0 0 2 0 2 0 2 0 0 0 2 0 2 0 0 2 0 1 1 0 2 0 2 0 0 1 1 0 2 0 0 2 0
2 0 2 0 2 0 0 2 0 0 2 0 2 0 0 2 0 0 2 0 0 2 0 2 0 2 0 0 2 0 1 1 2 0 2 0 2 0 2 0 2 0 2 0 0 2 0 2 0 2 0 0 2 0 2 0 2 0 2 0 2 0 0 2 0 0 2 0 2 0 0 2 0 2 0 0 2 0 1 1 0 2 0 0 2 0 2 0 2 0 2 0 0 2 0 0 2 0 0 2 0 2 0 2 0 0 2 0 2 0 1 1 0 2 0 2 0 0 2 0 0 2 0 2 0 2 0 0 2 0 0 2 0 1 1 2 0 2 0 0 2 0 0 0 2 0 1 1 0 2 0 2 0 2 0 2 0 2 0 0 2 0 2 0 2 0 2 0 0 2 0 2 0 2 0 0 0 2 0 2 0 0 2 0 2 0 0 2 0 2 0 0 2 0 0 2 0 0 0 2
2 0 2 0 2 0 0 2 0 0 2 0 2 0 0 2 0 0 2 0 0 2 0 2 0 2 0 0 2 0 2 0 2 0 2 0 2 0 2 0 2 0 2 0 0 2 0 2 0 2 0 0 2 0 2 0 2 0 2 0 2 0 0 2 0 0 2 0 2 0 0 2 0 2 0 0 2 0 2 0 0 2 0 2 0 0 2 0 2 0 1 1 0 2 0 0 2 0 0 2 0 2 0 2 0 0 2 0 2 0 2 0 0 2 0 2 0 0 2 0 0 2 0 2 0 2 0 0 2 0 0 2 0 2 0 2 0 2 0 0 2 0 0 2 0 0 2 0 0 2 0 2 0 2 0 2 0 2 0 0 2 0 2 0 2 0 2 0 0 2 0 2 0 2 0 0 0 2 0 2 0 0 2 0 2 0 0 2 0 2 0 0 2 0 0 2 0 1 1 0
2 0 2 0 2 0 0 2 0 0 2 0 2 0 0 2 0 0 2 0 0 2 0 2 0 2 0 0 2 0 2 0 2 0 2 0 2 0 2 0 2 0 2 0 0 2 0 2 0 2 0 0 2 0 2 0 2 0 2 0 2 0 0 2 0 0 2 0 2 0 0 2 0 2 0 0 2 0 2 0 0 2 0 2 0 0 1 1 2 0 1 1 0 2 0 0 2 0 0 2 0 2 0 2 0 0 2 0 2 0 2 0 0 2 0 0 2 0 2 0 1 1 0 2 0 2 0 0 2 0 0 2 0 2 0 2 0 2 0 0 1 1 0 2 0 0 2 0 0 2 0 2 0 2 0 1 1 2 0 0 2 0 2 0 2 0 2 0 0 2 0 2 0 2 0 0 0 2 0 2 0 0 2 0 2 0 0 2 0 0 2 0 1 1 0 2 0 1 1 0
2 0 2 0 2 0 0 2 0 0 2 0 2 0 0 2 0 0 0 2 0 2 0 2 0 2 0 0 2 0 2 0 2 0 2 0 2 0 2 0 2 0 2 0 0 1 1 2 0 2 0 0 2 0 2 0 2 0 2 0 2 0 0 2 0 0 2 0 2 0 0 2 0 2 0 0 2 0 2 0 0 2 0 2 0 0 2 0 2 0 1 1 0 2 0 0 2 0 0 2 0 2 0 2 0 0 2 0 2 0 0 0 2 2 0 2 0 0 2 0 0 2 0 2 0 2 0 0 2 0 0 2 0 2 0 2 0 2 0 0 2 0 0 2 0 0 2 0 0 2 0 2 0 2 0 2 0 2 0 0 2 0 2 0 2 0 2 0 0 2 0 2 0 2 0 0 0 2 0 2 0 0 2 0 2 0 2 0 0 2 0 0 2 0 0 2 0 0 0 2
2 0 2 0 2 0 0 2 0 0 2 0 2 0 0 2 0 0 2 0 0 2 0 2 0 2 0 0 2 0 2 0 2 0 2 0 2 0 2 0 2 0 2 0 0 2 0 2 0 2 0 0 2 0 2 0 2 0 2 0 2 0 0 1 1 0 2 0 2 0 0 2 0 2 0 0 2 0 2 0 0 2 0 2 0 0 2 0 2 0 2 0 0 2 0 0 2 0 0 2 0 2 0 2 0 0 2 0 2 0 2 0 0 2 0 2 0 0 2 0 1 1 0 2 0 2 0 0 2 0 0 2 0 2 0 2 0 2 0 0 0 0 2 2 0 0 2 0 0 2 0 2 0 2 0 2 0 2 0 0 2 0 2 0 2 0 2 0 0 2 0 2 0 2 0 0 0 2 0 2 0 0 2 0 2 0 0 2 0 2 0 0 2 0 0 2 0 1 1 0
2 0 2 0 1 1 0 0 2 0 2 0 2 0 0 2 0 0 2 0 0 2 0 2 0 2 0 0 1 1 1 1 2 0 2 0 2 0 2 0 2 0 2 0 0 2 0 2 0 2 0 0 2 0 2 0 2 0 2 0 2 0 0 2 0 0 2 0 2 0 0 2 0 2 0 0 2 0 1 1 0 2 0 2 0 0 2 0 2 0 1 1 0 2 0 0 0 2 0 2 0 2 0 2 0 0 2 0 2 0 2 0 0 2 0 0 2 0 2 0 1 1 0 2 0 2 0 0 2 0 0 2 0 2 0 2 0 2 0 0 1 1 0 2 0 0 2 0 0 2 0 2 0 2 0 2 0 2 0 0 2 0 2 0 2 0 2 0 0 2 0 2 0 2 0 0 0 2 0 2 0 0 2 0 2 0 0 2 0 2 0 0 1 1 0 2 0 0 2 0
2 0 2 0 2 0 0 2 0 0 2 0 2 0 0 2 0 0 2 0 0 2 0 2 0 2 0 0 2 0 2 0 2 0 2 0 2 0 2 0 2 0 2 0 0 2 0 2 0 2 0 0 2 0 2 0 2 0 2 0 2 0 0 2 0 0 2 0 2 0 0 2 0 2 0 0 2 0 1 1 0 2 0 1 0 1 2 0 2 0 2 0 0 1 1 0 2 0 0 2 0 2 0 2 0 0 2 0 2 0 1 1 0 2 0 2 0 0 2 0 0 2 0 2 0 2 0 0 2 0 0 2 0 2 0 2 0 2 0 0 1 1 0 2 0 0 2 0 0 2 0 2 0 2 0 2 0 2 0 0 2 0 2 0 2 0 0 2 0 2 0 2 0 2 0 0 0 2 0 2 0 0 2 0 2 0 0 2 0 2 0 0 2 0 0 2 0 2 0 0
2 0 2 0 2 0 0 2 0 0 2 0 2 0 0 2 0 0 2 0 0 2 0 2 0 2 0 0 2 0 2 0 2 0 2 0 2 0 2 0 2 0 2 0 0 1 1 2 0 2 0 0 2 0 2 0 2 0 2 0 2 0 0 2 0 0 2 0 2 0 0 2 0 2 0 0 2 0 0 2 0 2 0 0 2 0 1 1 2 0 0 2 0 1 1 0 2 0 0 2 0 2 0 2 0 0 2 0 2 0 2 0 0 2 0 2 0 0 2 0 0 2 0 2 0 2 0 0 2 0 0 2 0 2 0 2 0 0 2 0 2 0 0 0 2 0 2 0 0 2 0 2 0 2 0 2 0 2 0 0 2 0 2 0 2 0 2 0 0 1 1 2 0 2 0 0 0 2 0 2 0 0 2 0 2 0 0 2 0 2 0 0 2 0 0 2 0 0 0 2
2 0 2 0 1 1 0 2 0 0 2 0 2 0 0 2 0 0 2 0 0 2 0 2 0 2 0 0 2 0 2 0 2 0 2 0 2 0 2 0 2 0 2 0 0 1 1 2 0 0 2 0 2 0 2 0 2 0 2 0 0 2 0 2 0 0 2 0 0 2 0 2 0 2 0 0 2 0 2 0 0 2 0 2 0 0 2 0 2 0 2 0 0 2 0 0 2 0 0 2 0 2 0 2 0 0 2 0 2 0 2 0 0 2 0 2 0 0 2 0 0 2 0 2 0 2 0 0 0 2 0 2 0 2 0 2 0 2 0 0 0 0 2 0 2 0 2 0 0 2 0 2 0 2 0 2 0 2 0 0 2 0 2 0 2 0 2 0 0 2 0 2 0 2 0 0 1 1 0 2 0 0 2 0 2 0 2 0 0 0 2 0 2 0 0 2 0 1 1 0
2 0 2 0 2 0 0 2 0 0 2 0 2 0 0 2 0 0 2 0 0 2 0 2 0 2 0 0 2 0 2 0 2 0 2 0 2 0 2 0 2 0 2 0 0 2 0 2 0 0 2 0 2 0 2 0 2 0 2 0 2 0 0 2 0 0 2 0 2 0 0 2 0 2 0 0 2 0 1 1 0 2 0 2 0 0 2 0 2 0 1 1 0 0 0 2 2 0 0 2 0 2 0 2 0 0 2 0 2 0 2 0 0 2 0 2 0 0 2 0 0 2 0 2 0 1 1 0 2 0 0 2 0 2 0 2 0 2 0 0 2 0 0 2 0 0 2 0 0 2 0 2 0 2 0 2 0 2 0 0 2 0 2 0 2 0 2 0 0 2 0 2 0 2 0 0 0 2 0 2 0 0 2 0 2 0 2 0 0 2 0 0 1 1 0 2 0 0 2 0
2 0 2 0 2 0 0 2 0 0 2 0 2 0 0 2 0 0 2 0 0 2 0 2 0 2 0 0 2 0 2 0 2 0 2 0 2 0 2 0 2 0 2 0 0 2 0 2 0 2 0 0 2 0 2 0 2 0 2 0 2 0 0 2 0 0 2 0 2 0 0 2 0 2 0 0 2 0 1 1 0 2 0 2 0 0 2 0 2 0 1 1 0 2 0 0 2 0 0 2 0 2 0 2 0 0 2 0 2 0 2 0 0 2 0 2 0 0 2 0 0 2 0 2 0 2 0 0 1 0 1 2 0 2 0 2 0 2 0 0 1 1 0 2 0 0 2 0 0 2 0 2 0 2 0 2 0 2 0 0 2 0 2 0 2 0 2 0 0 2 0 2 0 2 0 0 0 2 0 2 0 0 2 0 2 0 2 0 0 2 0 0 2 0 0 2 0 0 2 0
2 0 2 0 2 0 0 2 0 0 2 0 0 2 0 2 0 0 2 0 0 2 0 2 0 2 0 0 2 0 1 1 2 0 2 0 2 0 2 0 2 0 2 0 0 1 1 2 0 2 0 0 2 0 2 0 2 0 2 0 2 0 0 2 0 0 2 0 2 0 0 2 0 2 0 0 2 0 1 1 0 2 0 1 0 1 2 0 2 0 1 1 0 2 0 0 2 0 0 2 0 2 0 2 0 0 2 0 2 0 2 0 0 2 0 2 0 0 2 0 0 2 0 2 0 2 0 0 2 0 0 2 0 2 0 2 0 2 0 0 2 0 0 2 0 0 2 0 0 2 0 2 0 2 0 2 0 2 0 0 2 0 2 0 2 0 2 0 0 2 0 2 0 2 0 0 0 2 0 2 0 0 2 0 2 0 0 2 0 2 0 0 2 0 0 2 0 0 0 2
2 0 2 0 2 0 0 2 0 0 2 0 2 0 0 2 0 0 2 0 0 2 0 2 0 2 0 0 2 0 2 0 2 0 1 1 2 0 2 0 2 0 2 0 0 2 0 2 0 2 0 0 2 0 2 0 2 0 2 0 2 0 0 2 0 0 2 0 2 0 0 2 0 2 0 0 2 0 1 1 0 1 1 2 0 0 2 0 2 0 0 2 0 0 0 2 2 0 0 2 0 2 0 2 0 0 2 0 2 0 2 0 0 2 0 2 0 0 2 0 0 2 0 2 0 2 0 0 1 0 1 2 0 2 0 2 0 2 0 0 2 0 0 0 2 0 2 0 0 2 0 2 0 2 0 2 0 2 0 0 2 0 2 0 2 0 2 0 0 2 0 2 0 2 0 0 0 2 0 2 0 0 2 0 2 0 0 2 0 2 0 0 2 0 0 2 0 1 1 0
1 1 2 0 2 0 0 2 0 0 2 0 2 0 0 2 0 0 2 0 0 2 0 2 0 2 0 0 2 0 2 0 2 0 2 0 2 0 2 0 2 0 2 0 0 2 0 2 0 2 0 0 2 0 2 0 2 0 2 0 2 0 0 2 0 0 2 0 2 0 0 2 0 2 0 0 2 0 1 1 0 2 0 2 0 0 1 1 2 0 1 1 0 1 1 0 2 0 0 2 0 2 0 2 0 0 2 0 2 0 2 0 0 1 1 2 0 0 2 0 0 2 0 2 0 2 0 0 2 0 0 2 0 2 0 2 0 2 0 0 2 0 0 0 2 0 2 0 0 2 0 2 0 2 0 2 0 2 0 0 2 0 2 0 2 0 2 0 0 2 0 2 0 2 0 0 0 2 0 2 0 0 2 0 2 0 2 0 0 2 0 0 2 0 0 2 0 0 2 0
2 0 2 0 2 0 0 2 0 0 2 0 2 0 0 2 0 0 2 0 0 2 0 2 0 0 2 0 2 0 2 0 2 0 2 0 2 0 2 0 2 0 2 0 0 2 0 2 0 2 0 0 2 0 2 0 2 0 2 0 2 0 0 2 0 0 2 0 2 0 0 2 0 2 0 0 2 0 2 0 0 2 0 2 0 0 2 0 2 0 1 1 0 2 0 0 2 0 0 2 0 2 0 2 0 0 2 0 2 0 2 0 0 2 0 2 0 0 2 0 0 2 0 2 0 2 0 0 0 2 0 2 0 2 0 2 0 2 0 0 1 1 0 2 0 0 2 0 0 2 0 2 0 2 0 2 0 2 0 0 2 0 2 0 2 0 2 0 0 2 0 2 0 2 0 0 0 2 0 2 0 0 2 0 2 0 2 0 0 2 0 0 2 0 0 2 0 0 2 0
2 0 2 0 2 0 0 2 0 0 2 0 2 0 0 2 0 0 2 0 0 2 0 2 0 2 0 0 2 0 2 0 2 0 2 0 2 0 2 0 2 0 2 0 0 2 0 2 0 2 0 0 2 0 2 0 2 0 2 0 2 0 0 2 0 0 2 0 2 0 0 2 0 2 0 0 2 0 1 1 0 1 1 2 0 0 2 0 2 0 1 1 0 2 0 0 2 0 0 2 0 2 0 2 0 0 2 0 2 0 2 0 0 2 0 2 0 0 2 0 0 2 0 2 0 2 0 0 2 0 0 2 0 2 0 2 0 2 0 0 2 0 0 2 0 0 2 0 0 2 0 2 0 2 0 2 0 2 0 0 2 0 2 0 2 0 2 0 0 2 0 2 0 2 0 0 0 2 0 2 0 0 2 0 2 0 0 2 0 2 0 0 2 0 0 2 0 0 2 0
2 0 2 0 1 1 0 2 0 0 2 0 2 0 0 2 0 0 2 0 0 2 0 2 0 2 0 0 2 0 2 0 2 0 2 0 2 0 2 0 2 0 2 0 0 2 0 2 0 2 0 0 2 0 2 0 2 0 2 0 2 0 0 2 0 0 2 0 2 0 0 2 0 2 0 0 2 0 1 1 0 2 0 0 2 0 2 0 2 0 0 2 0 2 0 0 2 0 0 2 0 2 0 2 0 0 2 0 2 0 1 1 0 2 0 2 0 0 2 0 0 2 0 2 0 2 0 0 2 0 0 2 0 2 0 2 0 2 0 0 2 0 0 2 0 0 2 0 0 2 0 2 0 2 0 2 0 2 0 0 2 0 2 0 2 0 2 0 0 2 0 2 0 2 0 0 0 2 0 2 0 0 2 0 2 0 0 2 0 2 0 0 2 0 0 2 0 1 1 0
2 0 2 0 2 0 0 2 0 0 2 0 2 0 0 2 0 0 2 0 0 2 0 2 0 2 0 0 2 0 2 0 2 0 2 0 2 0 2 0 2 0 2 0 0 2 0 2 0 2 0 0 2 0 2 0 2 0 2 0 2 0 0 2 0 0 2 0 2 0 0 2 0 2 0 0 2 0 2 0 0 2 0 2 0 0 2 0 2 0 0 2 0 1 1 0 2 0 0 2 0 2 0 2 0 0 2 0 2 0 1 1 0 2 0 2 0 0 2 0 0 2 0 2 0 2 0 0 2 0 0 2 0 2 0 2 0 2 0 0 2 0 0 2 0 0 2 0 0 2 0 2 0 2 0 2 0 2 0 0 1 1 2 0 2 0 2 0 0 2 0 2 0 2 0 0 0 2 0 2 0 0 2 0 2 0 0 2 0 2 0 0 2 0 0 2 0 1 1 0
2 0 2 0 2 0 0 2 0 0 2 0 2 0 0 2 0 0 2 0 0 2 0 2 0 2 0 0 2 0 2 0 2 0 2 0 2 0 2 0 2 0 2 0 0 2 0 2 0 2 0 0 2 0 2 0 2 0 2 0 2 0 0 2 0 0 2 0 2 0 0 2 0 2 0 0 2 0 2 0 0 2 0 2 0 0 2 0 2 0 2 0 0 2 0 0 2 0 0 1 1 2 0 2 0 0 2 0 2 0 2 0 0 2 0 2 0 0 2 0 0 0 2 2 0 2 0 0 2 0 0 2 0 2 0 2 0 0 2 0 2 0 0 2 0 0 2 0 0 2 0 2 0 2 0 2 0 2 0 0 2 0 2 0 2 0 2 0 0 2 0 2 0 2 0 0 0 2 0 2 0 0 2 0 2 0 0 2 0 2 0 0 2 0 0 2 0 2 0 0
2 0 2 0 2 0 0 2 0 0 2 0 2 0 0 2 0 0 2 0 0 2 0 2 0 2 0 0 2 0 2 0 2 0 2 0 2 0 2 0 2 0 2 0 0 2 0 2 0 2 0 0 2 0 2 0 2 0 2 0 2 0 0 2 0 0 2 0 2 0 0 2 0 2 0 0 2 0 2 0 0 2 0 0 2 0 2 0 2 0 1 1 0 0 0 2 2 0 0 2 0 2 0 2 0 0 2 0 2 0 2 0 0 2 0 2 0 0 2 0 1 1 0 2 0 2 0 0 0 2 0 2 0 2 0 2 0 2 0 0 1 1 0 2 0 0 2 0 0 2 0 2 0 2 0 2 0 2 0 0 2 0 2 0 2 0 2 0 0 2 0 2 0 2 0 0 0 2 0 2 0 0 2 0 2 0 0 2 0 2 0 0 2 0 0 2 0 1 1 0
2 0 2 0 2 0 0 2 0 0 2 0 2 0 0 2 0 0 2 0 0 2 0 2 0 2 0 0 2 0 2 0 2 0 2 0 2 0 2 0 2 0 2 0 0 2 0 2 0 2 0 0 2 0 2 0 2 0 2 0 2 0 0 2 0 0 2 0 2 0 0 2 0 2 0 0 2 0 1 1 0 2 0 2 0 0 2 0 2 0 0 2 0 2 0 0 2 0 0 2 0 2 0 2 0 0 2 0 2 0 1 1 0 2 0 2 0 0 2 0 0 0 2 2 0 2 0 0 2 0 0 2 0 2 0 2 0 0 2 0 2 0 0 0 2 0 2 0 0 2 0 2 0 2 0 2 0 2 0 0 2 0 2 0 2 0 2 0 0 2 0 2 0 2 0 0 0 0 2 2 0 0 2 0 2 0 0 2 0 1 0 1 2 0 0 2 0 1 1 0
2 0 2 0 2 0 0 2 0 0 2 0 2 0 0 2 0 0 2 0 0 2 0 2 0 2 0 0 2 0 2 0 2 0 2 0 2 0 2 0 2 0 2 0 0 2 0 2 0 2 0 0 2 0 2 0 2 0 2 0 2 0 0 2 0 0 2 0 2 0 0 2 0 2 0 0 2 0 2 0 0 2 0 2 0 0 2 0 2 0 2 0 0 2 0 0 2 0 0 2 0 2 0 2 0 0 2 0 2 0 2 0 0 2 0 2 0 0 2 0 1 1 0 2 0 2 0 0 2 0 0 1 1 2 0 2 0 2 0 0 2 0 0 2 0 0 2 0 0 2 0 2 0 2 0 2 0 2 0 0 2 0 2 0 2 0 2 0 0 2 0 2 0 2 0 0 0 2 0 2 0 0 2 0 2 0 0 2 0 2 0 0 2 0 0 2 0 1 1 0
2 0 2 0 0 0 2 2 0 0 2 0 2 0 0 2 0 0 1 0 1 2 0 2 0 2 0 0 2 0 2 0 2 0 2 0 2 0 2 0 2 0 2 0 0 2 0 2 0 2 0 0 2 0 2 0 2 0 2 0 2 0 0 2 0 0 2 0 2 0 0 2 0 2 0 0 2 0 1 1 0 2 0 2 0 0 2 0 2 0 1 1 0 2 0 0 2 0 0 2 0 2 0 2 0 0 2 0 2 0 2 0 0 2 0 2 0 0 2 0 1 1 0 2 0 2 0 0 2 0 0 2 0 2 0 2 0 2 0 0 2 0 0 2 0 0 2 0 0 2 0 2 0 2 0 2 0 2 0 0 2 0 2 0 2 0 2 0 0 2 0 2 0 2 0 0 0 2 0 2 0 0 2 0 2 0 0 2 0 0 2 0 1 1 0 2 0 0 2 0
2 0 2 0 2 0 0 2 0 0 2 0 2 0 0 2 0 0 2 0 0 2 0 2 0 2 0 0 2 0 2 0 2 0 2 0 2 0 2 0 2 0 2 0 0 1 1 2 0 2 0 0 2 0 2 0 2 0 2 0 2 0 0 2 0 0 2 0 2 0 0 2 0 2 0 0 2 0 1 1 0 2 0 2 0 0 2 0 2 0 1 1 0 0 0 2 1 0 1 2 0 2 0 2 0 0 2 0 2 0 2 0 0 2 0 2 0 0 2 0 0 2 0 2 0 2 0 0 2 0 0 2 0 2 0 2 0 0 2 0 2 0 0 1 0 1 2 0 0 2 0 2 0 2 0 2 0 2 0 0 2 0 2 0 2 0 2 0 0 2 0 2 0 2 0 0 0 2 0 2 0 0 2 0 2 0 0 2 0 2 0 0 2 0 0 2 0 1 1 0
2 0 2 0 2 0 0 2 0 0 2 0 2 0 0 2 0 0 0 2 0 2 0 2 0 2 0 0 2 0 2 0 2 0 2 0 2 0 2 0 1 1 2 0 0 1 1 2 0 0 2 0 2 0 2 0 2 0 1 1 2 0 0 2 0 0 2 0 2 0 0 2 0 2 0 0 2 0 1 1 0 2 0 2 0 0 2 0 2 0 1 1 0 2 0 0 2 0 0 2 0 2 0 2 0 0 2 0 2 0 2 0 0 2 0 2 0 0 2 0 0 2 0 2 0 2 0 0 2 0 0 2 0 2 0 2 0 2 0 0 2 0 0 2 0 0 2 0 0 1 1 2 0 2 0 2 0 2 0 0 2 0 2 0 2 0 2 0 0 2 0 2 0 2 0 0 0 2 0 2 0 0 2 0 2 0 0 2 0 2 0 0 2 0 0 2 0 1 1 0
2 0 2 0 2 0 0 2 0 0 2 0 2 0 0 2 0 0 2 0 0 2 0 2 0 2 0 0 2 0 2 0 2 0 2 0 2 0 2 0 2 0 2 0 0 2 0 2 0 1 0 1 2 0 2 0 2 0 2 0 2 0 0 2 0 0 2 0 2 0 0 2 0 2 0 0 2 0 2 0 0 2 0 2 0 0 2 0 2 0 0 2 0 2 0 0 2 0 0 2 0 2 0 2 0 0 2 0 2 0 1 1 0 2 0 2 0 0 2 0 0 2 0 2 0 2 0 0 2 0 0 2 0 2 0 2 0 2 0 0 2 0 0 2 0 0 2 0 0 2 0 2 0 2 0 2 0 2 0 0 2 0 2 0 2 0 2 0 0 2 0 2 0 2 0 0 0 2 0 2 0 0 2 0 2 0 0 2 0 2 0 0 2 0 0 2 0 1 1 0
2 0 2 0 2 0 0 2 0 0 2 0 2 0 0 2 0 0 2 0 0 2 0 2 0 2 0 0 2 0 2 0 2 0 2 0 2 0 2 0 2 0 2 0 0 2 0 2 0 2 0 0 2 0 2 0 2 0 2 0 2 0 0 2 0 0 2 0 2 0 0 2 0 2 0 0 2 0 2 0 0 2 0 2 0 0 2 0 2 0 2 0 0 2 0 0 2 0 0 2 0 1 1 2 0 0 2 0 2 0 2 0 0 2 0 2 0 0 2 0 0 2 0 2 0 2 0 0 0 2 0 2 0 2 0 2 0 2 0 0 2 0 0 2 0 0 2 0 0 2 0 2 0 2 0 2 0 2 0 0 2 0 2 0 2 0 2 0 0 2 0 2 0 2 0 0 0 2 0 2 0 0 2 0 1 1 0 2 0 2 0 0 2 0 0 2 0 0 0 2
2 0 2 0 2 0 0 2 0 0 2 0 2 0 0 2 0 0 2 0 0 2 0 2 0 2 0 0 2 0 2 0 1 1 2 0 2 0 2 0 2 0 2 0 0 1 1 2 0 2 0 0 2 0 2 0 2 0 2 0 2 0 0 2 0 0 2 0 2 0 0 2 0 2 0 0 2 0 2 0 0 2 0 2 0 0 1 1 2 0 0 0 2 0 2 0 2 0 0 2 0 2 0 2 0 0 2 0 2 0 2 0 0 2 0 2 0 0 2 0 0 2 0 2 0 2 0 0 2 0 0 2 0 2 0 2 0 2 0 0 2 0 0 2 0 0 2 0 0 2 0 2 0 2 0 2 0 2 0 0 2 0 2 0 2 0 2 0 0 2 0 2 0 2 0 0 0 2 0 2 0 0 2 0 2 0 0 2 0 2 0 0 2 0 0 2 0 1 1 0
2 0 2 0 2 0 0 2 0 0 2 0 2 0 0 2 0 0 2 0 0 2 0 2 0 2 0 0 2 0 2 0 2 0 2 0 2 0 2 0 2 0 2 0 0 2 0 2 0 2 0 0 2 0 2 0 2 0 2 0 2 0 0 2 0 0 2 0 2 0 0 2 0 2 0 0 2 0 2 0 0 2 0 2 0 0 2 0 2 0 2 0 0 2 0 0 2 0 0 2 0 2 0 2 0 0 2 0 2 0 1 1 0 2 0 2 0 0 2 0 0 2 0 2 0 2 0 0 2 0 0 2 0 2 0 2 0 2 0 0 1 1 0 2 0 0 2 0 0 2 0 2 0 2 0 2 0 2 0 0 2 0 2 0 2 0 2 0 0 2 0 2 0 2 0 0 0 2 0 2 0 0 2 0 2 0 0 2 0 0 2 0 2 0 0 2 0 1 1 0
2 0 2 0 2 0 0 2 0 0 2 0 2 0 0 2 0 0 2 0 0 2 0 2 0 2 0 0 2 0 2 0 2 0 2 0 2 0 2 0 2 0 2 0 0 1 1 2 0 2 0 0 2 0 2 0 2 0 2 0 2 0 0 2 0 0 2 0 2 0 0 2 0 2 0 0 2 0 1 1 0 2 0 2 0 0 2 0 2 0 1 1 0 0 2 0 2 0 0 2 0 2 0 2 0 0 1 1 2 0 2 0 0 2 0 2 0 0 2 0 0 2 0 2 0 2 0 0 2 0 0 2 0 2 0 2 0 2 0 0 2 0 0 2 0 0 2 0 0 2 0 2 0 2 0 2 0 2 0 0 2 0 2 0 2 0 2 0 0 2 0 2 0 2 0 0 0 2 0 2 0 0 2 0 2 0 0 2 0 2 0 0 2 0 0 2 0 0 2 0
2 0 2 0 2 0 0 2 0 0 1 1 2 0 0 2 0 0 2 0 0 1 1 2 0 2 0 0 2 0 2 0 2 0 2 0 2 0 2 0 2 0 2 0 0 1 1 2 0 2 0 0 2 0 2 0 2 0 2 0 2 0 0 2 0 0 2 0 2 0 0 2 0 2 0 0 2 0 1 1 0 2 0 2 0 0 2 0 2 0 1 1 0 2 0 0 2 0 0 2 0 2 0 2 0 0 2 0 2 0 2 0 0 2 0 2 0 0 2 0 1 1 0 2 0 2 0 0 2 0 0 2 0 2 0 2 0 2 0 0 2 0 0 2 0 0 2 0 0 2 0 2 0 2 0 2 0 0 2 0 2 0 2 0 2 0 2 0 0 2 0 2 0 2 0 0 0 2 0 2 0 0 2 0 2 0 0 2 0 2 0 0 2 0 0 2 0 1 1 0
2 0 2 0 2 0 0 2 0 0 2 0 2 0 0 2 0 0 2 0 0 2 0 2 0 2 0 0 2 0 2 0 2 0 2 0 2 0 2 0 2 0 2 0 0 2 0 2 0 2 0 0 2 0 2 0 2 0 2 0 2 0 0 2 0 0 2 0 2 0 0 2 0 2 0 0 2 0 2 0 0 2 0 2 0 0 2 0 2 0 2 0 0 2 0 0 2 0 0 2 0 2 0 2 0 0 2 0 2 0 2 0 0 2 0 0 2 0 2 0 0 2 0 2 0 2 0 0 2 0 0 2 0 2 0 2 0 2 0 0 2 0 0 2 0 0 2 0 0 2 0 2 0 2 0 2 0 2 0 0 2 0 2 0 2 0 2 0 0 2 0 2 0 2 0 0 0 2 0 2 0 0 2 0 2 0 0 2 0 2 0 0 2 0 0 2 0 1 1 0
2 0 2 0 1 1 0 1 0 1 2 0 2 0 0 2 0 0 2 0 0 2 0 2 0 2 0 0 2 0 2 0 2 0 2 0 2 0 2 0 2 0 2 0 0 2 0 2 0 2 0 0 2 0 2 0 2 0 2 0 2 0 0 2 0 0 2 0 2 0 0 2 0 2 0 0 2 0 2 0 0 2 0 2 0 0 2 0 2 0 1 1 0 2 0 0 2 0 0 2 0 2 0 2 0 0 2 0 2 0 2 0 0 2 0 2 0 0 2 0 0 2 0 2 0 2 0 0 0 2 0 2 0 2 0 2 0 2 0 0 2 0 0 2 0 0 2 0 0 2 0 2 0 2 0 2 0 2 0 0 2 0 2 0 2 0 2 0 0 2 0 2 0 0 2 0 0 2 0 2 0 0 2 0 2 0 0 2 0 2 0 0 2 0 0 2 0 1 1 0
2 0 2 0 1 1 0 2 0 0 2 0 2 0 0 2 0 0 2 0 0 2 0 2 0 2 0 0 2 0 2 0 2 0 2 0 2 0 2 0 2 0 2 0 0 1 1 2 0 2 0 0 2 0 2 0 2 0 2 0 2 0 0 2 0 0 2 0 2 0 0 2 0 2 0 0 2 0 1 1 0 2 0 1 0 1 2 0 2 0 0 2 0 0 2 0 2 0 0 2 0 2 0 2 0 0 2 0 2 0 1 1 0 2 0 0 2 0 2 0 1 1 0 2 0 2 0 0 2 0 0 2 0 2 0 2 0 2 0 0 1 1 0 2 0 0 2 0 0 2 0 2 0 2 0 2 0 0 2 0 2 0 2 0 2 0 2 0 0 2 0 2 0 2 0 0 0 2 0 2 0 0 2 0 2 0 0 2 0 2 0 0 1 1 0 2 0 0 2 0
2 0 2 0 1 1 0 2 0 0 2 0 2 0 0 2 0 0 2 0 0 2 0 2 0 2 0 0 2 0 1 1 2 0 2 0 2 0 2 0 2 0 2 0 0 2 0 1 1 2 0 0 2 0 2 0 2 0 2 0 2 0 0 2 0 0 2 0 2 0 0 2 0 2 0 0 2 0 2 0 0 2 0 2 0 0 2 0 2 0 1 1 0 2 0 0 2 0 0 2 0 2 0 2 0 0 2 0 2 0 2 0 0 2 0 2 0 0 2 0 1 1 0 2 0 2 0 0 2 0 0 2 0 2 0 2 0 2 0 0 0 2 0 2 0 0 2 0 0 2 0 2 0 2 0 2 0 0 2 0 2 0 2 0 2 0 2 0 0 2 0 2 0 2 0 0 0 2 0 2 0 0 2 0 2 0 0 2 0 2 0 0 2 0 0 2 0 2 0 0
2 0 2 0 2 0 0 2 0 0 2 0 2 0 0 2 0 0 2 0 0 2 0 2 0 2 0 0 2 0 2 0 2 0 2 0 2 0 2 0 2 0 2 0 0 2 0 2 0 2 0 0 2 0 2 0 2 0 2 0 2 0 0 2 0 0 2 0 2 0 0 2 0 2 0 0 2 0 2 0 0 2 0 0 2 0 2 0 2 0 1 1 0 0 0 2 2 0 0 2 0 2 0 2 0 0 2 0 2 0 2 0 0 2 0 2 0 0 2 0 0 2 0 2 0 2 0 0 2 0 0 2 0 2 0 2 0 2 0 0 2 0 0 0 2 0 0 0 2 2 0 2 0 2 0 2 0 2 0 0 2 0 2 0 2 0 2 0 0 2 0 2 0 2 0 0 0 2 0 2 0 0 2 0 2 0 0 2 0 2 0 0 2 0 0 2 0 1 1 0
2 0 2 0 2 0 0 2 0 0 2 0 2 0 0 2 0 0 2 0 0 2 0 2 0 2 0 0 2 0 2 0 2 0 2 0 2 0 2 0 2 0 2 0 0 1 1 2 0 2 0 0 2 0 2 0 2 0 2 0 2 0 0 2 0 0 2 0 2 0 0 2 0 2 0 0 2 0 2 0 0 1 1 0 2 0 2 0 2 0 2 0 0 1 1 0 2 0 0 2 0 2 0 2 0 0 2 0 1 1 2 0 0 2 0 2 0 0 2 0 0 2 0 2 0 2 0 0 2 0 0 2 0 2 0 2 0 2 0 0 2 0 0 2 0 0 2 0 0 2 0 2 0 2 0 2 0 2 0 0 2 0 2 0 2 0 2 0 0 2 0 2 0 2 0 0 0 2 0 2 0 0 2 0 2 0 0 2 0 2 0 0 2 0 0 2 0 0 2 0
2 0 2 0 0 2 0 2 0 0 2 0 2 0 0 2 0 0 2 0 0 2 0 2 0 2 0 0 2 0 2 0 2 0 2 0 2 0 2 0 2 0 2 0 0 2 0 2 0 2 0 0 2 0 2 0 2 0 2 0 2 0 0 2 0 0 2 0 2 0 0 2 0 2 0 0 2 0 2 0 0 2 0 2 0 0 2 0 2 0 1 1 0 2 0 0 2 0 0 2 0 2 0 2 0 0 2 0 2 0 2 0 0 2 0 2 0 0 2 0 0 2 0 2 0 2 0 0 2 0 0 2 0 2 0 2 0 2 0 0 2 0 0 2 0 0 2 0 0 2 0 2 0 2 0 2 0 2 0 0 2 0 2 0 2 0 2 0 0 2 0 2 0 0 0 2 0 2 0 2 0 0 2 0 2 0 0 2 0 0 2 0 2 0 0 2 0 1 1 0
2 0 1 1 2 0 0 2 0 0 2 0 2 0 0 2 0 0 0 2 0 2 0 2 0 2 0 0 2 0 2 0 2 0 2 0 2 0 2 0 2 0 1 1 0 2 0 2 0 2 0 0 2 0 2 0 1 1 2 0 2 0 0 2 0 0 2 0 2 0 0 2 0 2 0 0 2 0 0 2 0 2 0 2 0 0 2 0 2 0 0 0 2 2 0 0 0 2 0 2 0 2 0 2 0 0 2 0 2 0 2 0 0 2 0 2 0 0 2 0 0 2 0 2 0 2 0 0 2 0 0 2 0 2 0 1 1 1 0 1 2 0 0 2 0 0 2 0 0 2 0 2 0 1 1 2 0 2 0 0 2 0 2 0 2 0 2 0 0 2 0 2 0 2 0 0 0 2 0 1 1 0 2 0 2 0 0 2 0 2 0 0 1 1 0 2 0 0 2 0
2 0 2 0 2 0 0 2 0 0 2 0 2 0 0 2 0 0 2 0 0 2 0 2 0 2 0 0 2 0 2 0 2 0 2 0 2 0 2 0 2 0 0 2 0 2 0 2 0 2 0 0 2 0 2 0 2 0 2 0 0 0 2 2 0 0 2 0 2 0 0 2 0 2 0 0 2 0 1 1 0 2 0 2 0 0 2 0 2 0 0 2 0 2 0 0 2 0 0 2 0 2 0 2 0 0 2 0 2 0 1 1 0 2 0 2 0 0 2 0 0 2 0 2 0 2 0 0 0 2 0 2 0 2 0 2 0 2 0 0 2 0 0 2 0 0 2 0 0 2 0 2 0 2 0 2 0 2 0 0 2 0 2 0 2 0 2 0 0 2 0 2 0 2 0 0 0 2 0 2 0 0 2 0 2 0 0 2 0 2 0 0 1 1 0 2 0 1 1 0
2 0 2 0 2 0 0 2 0 0 2 0 2 0 0 2 0 0 2 0 0 2 0 2 0 2 0 0 2 0 2 0 2 0 2 0 2 0 2 0 2 0 2 0 0 2 0 2 0 2 0 0 2 0 2 0 2 0 2 0 2 0 0 2 0 0 2 0 2 0 0 2 0 2 0 0 2 0 0 2 0 2 0 2 0 0 1 1 2 0 1 1 0 2 0 0 2 0 0 2 0 2 0 2 0 0 2 0 2 0 2 0 0 2 0 2 0 0 2 0 0 2 0 2 0 2 0 0 1 0 1 2 0 2 0 2 0 1 0 1 2 0 0 2 0 0 2 0 0 2 0 2 0 2 0 2 0 2 0 0 2 0 2 0 2 0 2 0 0 2 0 2 0 2 0 0 0 2 0 1 1 0 2 0 2 0 2 0 0 2 0 0 2 0 0 2 0 0 2 0
2 0 2 0 2 0 0 2 0 0 2 0 2 0 0 2 0 0 2 0 0 2 0 2 0 2 0 0 2 0 2 0 2 0 2 0 2 0 2 0 2 0 1 1 0 2 0 2 0 2 0 0 2 0 2 0 1 1 2 0 2 0 0 2 0 0 2 0 2 0 0 2 0 2 0 0 2 0 0 2 0 2 0 2 0 0 2 0 2 0 0 2 0 2 0 0 2 0 0 2 0 2 0 2 0 0 2 0 2 0 2 0 0 2 0 2 0 0 2 0 0 2 0 2 0 2 0 0 1 0 1 2 0 2 0 2 0 1 0 1 2 0 0 2 0 0 2 0 0 2 0 2 0 2 0 2 0 2 0 0 2 0 2 0 2 0 2 0 0 2 0 2 0 2 0 0 0 2 0 2 0 0 2 0 2 0 0 2 0 2 0 0 2 0 0 2 0 0 2 0
2 0 2 0 2 0 0 2 0 0 2 0 2 0 0 2 0 0 2 0 0 2 0 2 0 2 0 0 2 0 2 0 2 0 2 0 2 0 2 0 2 0 1 1 0 2 0 2 0 2 0 0 2 0 2 0 2 0 1 1 2 0 0 2 0 0 2 0 2 0 0 2 0 2 0 0 2 0 0 2 0 2 0 2 0 0 2 0 1 1 0 2 0 2 0 0 2 0 0 2 0 2 0 2 0 0 2 0 2 0 0 0 2 2 0 2 0 0 2 0 0 2 0 2 0 2 0 0 0 0 2 2 0 2 0 2 0 1 0 1 2 0 0 2 0 0 2 0 0 2 0 2 0 2 0 2 0 2 0 0 2 0 2 0 2 0 2 0 0 2 0 2 0 2 0 0 0 2 0 2 0 0 2 0 2 0 2 0 0 2 0 0 2 0 0 2 0 0 2 0
2 0 2 0 2 0 0 0 2 0 2 0 2 0 0 2 0 0 2 0 0 2 0 2 0 2 0 0 2 0 2 0 2 0 2 0 2 0 2 0 2 0 0 2 0 2 0 2 0 2 0 0 2 0 2 0 2 0 2 0 2 0 0 2 0 0 2 0 2 0 0 2 0 1 1 0 2 0 0 0 2 2 0 2 0 0 2 0 0 2 0 2 0 2 0 0 2 0 0 2 0 2 0 2 0 0 2 0 2 0 2 0 0 2 0 2 0 0 2 0 0 2 0 2 0 2 0 0 0 2 0 2 0 2 0 2 0 2 0 0 2 0 0 2 0 0 2 0 0 2 0 2 0 1 1 2 0 1 0 1 2 0 2 0 2 0 2 0 0 2 0 2 0 2 0 0 0 2 0 2 0 0 2 0 2 0 0 2 0 2 0 0 2 0 0 2 0 2 0 0
2 0 2 0 2 0 0 2 0 0 2 0 2 0 0 2 0 0 2 0 0 2 0 2 0 2 0 0 2 0 2 0 2 0 2 0 2 0 2 0 2 0 2 0 0 2 0 2 0 2 0 0 2 0 2 0 2 0 2 0 2 0 0 2 0 0 2 0 2 0 0 2 0 1 1 0 2 0 0 2 0 2 0 2 0 0 2 0 2 0 0 2 0 2 0 0 2 0 0 2 0 2 0 1 1 0 2 0 2 0 2 0 0 2 0 2 0 0 2 0 0 2 0 2 0 2 0 0 2 0 0 2 0 2 0 2 0 1 0 1 2 0 0 2 0 0 2 0 0 2 0 2 0 1 1 2 0 2 0 0 2 0 2 0 2 0 2 0 0 2 0 2 0 2 0 0 0 2 0 2 0 0 2 0 2 0 0 1 1 2 0 0 1 1 0 2 0 0 2 0
2 0 2 0 2 0 0 2 0 0 2 0 2 0 0 2 0 0 2 0 0 2 0 2 0 2 0 0 2 0 2 0 2 0 2 0 2 0 2 0 2 0 1 1 0 2 0 2 0 2 0 0 2 0 2 0 2 0 2 0 2 0 0 2 0 0 2 0 2 0 0 1 1 2 0 0 2 0 0 2 0 2 0 2 0 0 2 0 1 1 0 2 0 2 0 0 2 0 0 2 0 2 0 1 1 0 2 0 2 0 2 0 0 2 0 2 0 0 2 0 0 2 0 2 0 2 0 0 0 2 0 2 0 2 0 2 0 2 0 0 2 0 0 2 0 0 2 0 0 2 0 2 0 2 0 2 0 2 0 0 2 0 2 0 2 0 2 0 0 2 0 1 1 2 0 0 0 2 0 1 1 0 2 0 2 0 0 2 0 2 0 0 2 0 0 2 0 1 1 0
2 0 2 0 2 0 0 2 0 0 2 0 1 0 1 2 0 0 2 0 0 2 0 2 0 2 0 0 2 0 2 0 2 0 2 0 2 0 2 0 2 0 1 1 0 2 0 2 0 2 0 0 2 0 2 0 2 0 2 0 2 0 0 2 0 0 2 0 2 0 0 2 0 2 0 0 1 1 0 2 0 2 0 2 0 0 2 0 2 0 0 2 0 2 0 0 2 0 0 2 0 2 0 2 0 0 2 0 2 0 2 0 0 2 0 2 0 0 2 0 0 2 0 2 0 2 0 0 1 0 1 2 0 2 0 2 0 1 0 1 2 0 0 2 0 0 2 0 0 2 0 2 0 2 0 2 0 2 0 0 2 0 2 0 1 1 2 0 0 2 0 2 0 2 0 0 0 2 0 2 0 0 2 0 2 0 0 2 0 2 0 0 2 0 0 2 0 0 2 0
2 0 2 0 2 0 0 0 2 0 2 0 2 0 0 2 0 0 2 0 0 2 0 2 0 2 0 0 2 0 2 0 2 0 2 0 2 0 2 0 2 0 2 0 0 2 0 2 0 2 0 0 2 0 2 0 1 1 2 0 2 0 0 2 0 0 2 0 2 0 0 2 0 2 0 0 2 0 0 2 0 2 0 2 0 0 1 1 2 0 0 2 0 2 0 0 2 0 0 2 0 2 0 2 0 0 2 0 2 0 2 0 0 2 0 2 0 0 2 0 0 2 0 2 0 2 0 0 1 0 1 2 0 2 0 2 0 2 0 0 2 0 0 2 0 0 2 0 0 2 0 2 0 2 0 2 0 2 0 0 2 0 2 0 2 0 2 0 0 2 0 2 0 2 0 0 0 2 0 2 0 0 2 0 2 0 2 0 0 2 0 0 2 0 0 2 0 0 2 0
2 0 2 0 2 0 0 2 0 0 2 0 2 0 0 2 0 0 2 0 0 2 0 2 0 1 0 1 2 0 2 0 2 0 2 0 2 0 2 0 2 0 2 0 0 2 0 2 0 2 0 0 2 0 2 0 1 1 2 0 2 0 0 2 0 0 2 0 2 0 0 2 0 0 0 2 1 1 0 0 2 2 0 2 0 0 2 0 2 0 0 2 0 2 0 0 2 0 0 2 0 2 0 2 0 0 2 0 2 0 2 0 0 2 0 2 0 0 2 0 0 2 0 2 0 2 0 0 0 2 0 2 0 2 0 2 0 2 0 0 2 0 0 2 0 0 2 0 0 2 0 2 0 2 0 2 0 2 0 0 2 0 2 0 2 0 2 0 0 2 0 2 0 2 0 0 0 2 0 0 0 2 2 0 2 0 0 2 0 2 0 0 2 0 0 2 0 0 2 0
2 0 2 0 2 0 0 2 0 0 2 0 2 0 0 0 2 0 2 0 0 2 0 2 0 2 0 0 2 0 2 0 2 0 2 0 2 0 2 0 2 0 2 0 0 2 0 2 0 1 0 1 2 0 2 0 2 0 2 0 2 0 0 2 0 0 2 0 2 0 0 2 0 2 0 0 2 0 0 2 0 2 0 2 0 0 2 0 2 0 0 2 0 2 0 0 2 0 0 2 0 2 0 2 0 0 2 0 2 0 2 0 0 2 0 2 0 0 2 0 0 2 0 2 0 2 0 0 1 0 1 2 0 2 0 2 0 2 0 0 2 0 0 0 2 0 2 0 0 2 0 2 0 2 0 2 0 2 0 0 2 0 2 0 2 0 2 0 0 2 0 2 0 2 0 0 0 2 0 1 1 0 2 0 2 0 0 2 0 2 0 0 2 0 0 2 0 0 2 0
2 0 2 0 2 0 0 2 0 0 2 0 2 0 0 2 0 0 2 0 0 2 0 2 0 2 0 0 2 0 2 0 2 0 2 0 2 0 2 0 2 0 1 1 0 2 0 2 0 2 0 0 2 0 2 0 2 0 2 0 2 0 0 2 0 0 2 0 2 0 0 2 0 2 0 0 2 0 1 1 0 2 0 2 0 0 2 0 2 0 0 2 0 2 0 0 2 0 0 2 0 2 0 2 0 0 2 0 2 0 2 0 0 2 0 2 0 0 1 1 0 2 0 2 0 2 0 0 1 0 1 2 0 2 0 2 0 1 0 1 2 0 0 2 0 0 2 0 0 2 0 2 0 1 1 2 0 1 0 1 2 0 2 0 2 0 2 0 0 2 0 2 0 2 0 0 0 2 0 2 0 0 2 0 2 0 0 2 0 2 0 0 2 0 0 2 0 0 2 0
2 0 2 0 2 0 0 0 2 0 2 0 1 0 1 2 0 0 2 0 0 2 0 2 0 2 0 0 2 0 2 0 2 0 2 0 2 0 1 1 2 0 0 0 2 1 1 2 0 2 0 0 2 0 1 1 2 0 2 0 2 0 0 2 0 0 2 0 2 0 0 2 0 2 0 0 2 0 1 1 0 2 0 2 0 0 2 0 2 0 0 2 0 2 0 0 2 0 0 2 0 2 0 2 0 0 2 0 2 0 1 1 0 2 0 2 0 0 2 0 0 2 0 2 0 2 0 0 1 0 1 2 0 2 0 2 0 1 0 1 2 0 0 2 0 0 2 0 0 2 0 2 0 2 0 2 0 2 0 0 2 0 2 0 2 0 2 0 0 2 0 2 0 2 0 0 0 2 0 1 1 0 2 0 2 0 2 0 0 2 0 0 2 0 0 2 0 0 2 0
2 0 1 1 2 0 0 0 2 0 2 0 2 0 0 2 0 0 2 0 0 2 0 2 0 2 0 0 2 0 2 0 2 0 2 0 2 0 2 0 2 0 1 1 0 2 0 2 0 2 0 0 2 0 2 0 1 1 2 0 2 0 0 2 0 0 2 0 2 0 0 2 0 2 0 0 1 1 0 0 2 2 0 2 0 0 1 1 2 0 0 0 2 2 0 0 2 0 0 2 0 2 0 2 0 0 2 0 2 0 2 0 0 2 0 2 0 0 2 0 0 2 0 2 0 2 0 0 0 0 2 2 0 2 0 2 0 1 0 1 0 0 2 2 0 0 2 0 0 2 0 2 0 1 1 2 0 1 0 1 2 0 2 0 2 0 2 0 0 2 0 2 0 2 0 0 0 2 0 2 0 0 2 0 2 0 0 2 0 2 0 0 2 0 0 2 0 0 2 0
2 0 2 0 2 0 0 2 0 0 2 0 2 0 0 2 0 0 2 0 0 2 0 2 0 2 0 0 2 0 2 0 2 0 2 0 2 0 2 0 2 0 1 1 0 2 0 2 0 2 0 0 2 0 2 0 2 0 2 0 2 0 0 2 0 0 2 0 2 0 0 2 0 2 0 0 1 1 0 2 0 2 0 2 0 0 1 1 2 0 2 0 0 2 0 0 2 0 0 2 0 2 0 1 1 0 2 0 2 0 2 0 0 2 0 2 0 0 2 0 0 2 0 2 0 2 0 0 2 0 0 2 0 2 0 2 0 2 0 0 2 0 0 2 0 0 2 0 0 2 0 2 0 2 0 2 0 1 0 1 2 0 2 0 2 0 2 0 0 2 0 2 0 2 0 0 0 2 0 2 0 0 2 0 2 0 0 2 0 2 0 0 2 0 0 2 0 0 2 0
2 0 2 0 2 0 0 2 0 0 2 0 2 0 0 2 0 0 2 0 0 2 0 2 0 2 0 0 2 0 2 0 2 0 2 0 2 0 2 0 2 0 1 1 0 2 0 2 0 2 0 0 2 0 2 0 2 0 2 0 2 0 0 2 0 0 2 0 2 0 0 2 0 2 0 0 2 0 0 2 0 2 0 2 0 0 2 0 2 0 1 1 0 2 0 0 2 0 0 2 0 2 0 2 0 0 2 0 2 0 2 0 0 2 0 2 0 0 2 0 0 2 0 2 0 2 0 0 2 0 0 2 0 2 0 2 0 1 0 1 2 0 0 2 0 0 2 0 0 2 0 2 0 2 0 2 0 1 0 1 2 0 2 0 2 0 2 0 0 2 0 2 0 2 0 0 0 2 0 0 2 0 2 0 2 0 2 0 0 2 0 0 1 1 0 2 0 0 0 2
2 0 2 0 2 0 0 2 0 0 2 0 2 0 0 2 0 0 2 0 0 2 0 2 0 2 0 0 2 0 2 0 2 0 2 0 2 0 2 0 2 0 1 1 0 2 0 2 0 2 0 0 2 0 2 0 2 0 2 0 2 0 0 2 0 0 2 0 2 0 0 2 0 2 0 0 2 0 0 2 0 2 0 2 0 0 2 0 2 0 0 2 0 2 0 0 2 0 0 2 0 2 0 0 0 2 2 0 2 0 2 0 0 2 0 2 0 0 2 0 0 2 0 2 0 2 0 0 1 0 1 2 0 2 0 2 0 2 0 0 2 0 0 2 0 0 2 0 0 2 0 2 0 2 0 2 0 2 0 0 2 0 2 0 2 0 2 0 0 2 0 2 0 2 0 0 0 2 0 2 0 0 2 0 2 0 0 2 0 2 0 0 1 1 0 2 0 0 2 0
2 0 2 0 2 0 0 2 0 0 2 0 2 0 0 2 0 0 2 0 0 2 0 2 0 2 0 0 2 0 2 0 2 0 2 0 2 0 2 0 2 0 1 1 0 2 0 2 0 2 0 0 2 0 2 0 2 0 2 0 2 0 0 2 0 0 2 0 2 0 0 2 0 2 0 0 2 0 1 1 0 2 0 2 0 0 2 0 2 0 0 2 0 2 0 0 2 0 0 2 0 2 0 2 0 0 2 0 2 0 2 0 0 2 0 2 0 0 2 0 0 2 0 1 1 2 0 0 1 0 1 2 0 2 0 2 0 2 0 0 2 0 0 0 2 0 2 0 0 2 0 2 0 1 1 2 0 2 0 0 2 0 2 0 2 0 2 0 0 2 0 2 0 2 0 0 0 2 0 1 1 0 2 0 2 0 0 2 0 2 0 0 2 0 0 2 0 0 2 0
2 0 2 0 2 0 0 2 0 0 2 0 2 0 0 2 0 0 2 0 0 2 0 2 0 2 0 0 2 0 2 0 2 0 2 0 2 0 2 0 2 0 1 1 0 2 0 2 0 2 0 0 2 0 2 0 2 0 2 0 1 0 1 2 0 0 2 0 2 0 0 2 0 2 0 0 2 0 1 1 0 2 0 2 0 0 2 0 2 0 0 2 0 0 0 2 2 0 0 2 0 2 0 2 0 0 2 0 2 0 2 0 0 2 0 2 0 0 2 0 0 2 0 2 0 2 0 0 1 0 1 2 0 1 1 2 0 2 0 0 2 0 0 1 0 1 2 0 0 2 0 2 0 2 0 2 0 2 0 0 2 0 2 0 2 0 2 0 0 2 0 2 0 2 0 0 0 2 0 2 0 0 2 0 2 0 0 2 0 2 0 0 2 0 0 2 0 1 1 0
2 0 2 0 2 0 0 2 0 0 2 0 2 0 0 1 0 1 2 0 0 2 0 0 2 2 0 0 2 0 2 0 2 0 2 0 2 0 2 0 2 0 2 0 0 2 0 2 0 2 0 0 2 0 2 0 2 0 2 0 2 0 0 2 0 0 2 0 2 0 0 2 0 2 0 0 2 0 0 2 0 2 0 2 0 0 1 1 2 0 0 2 0 2 0 0 2 0 0 2 0 2 0 2 0 0 2 0 2 0 2 0 0 2 0 2 0 0 2 0 0 2 0 2 0 2 0 0 0 0 2 2 0 2 0 2 0 2 0 0 2 0 0 2 0 0 2 0 0 2 0 2 0 1 1 2 0 0 0 2 2 0 2 0 2 0 2 0 0 2 0 2 0 2 0 0 0 2 0 2 0 0 2 0 2 0 0 2 0 2 0 0 2 0 0 2 0 0 2 0
2 0 2 0 2 0 0 2 0 0 2 0 2 0 0 2 0 0 2 0 0 2 0 2 0 2 0 0 2 0 2 0 2 0 2 0 2 0 2 0 2 0 2 0 0 2 0 2 0 2 0 0 2 0 2 0 2 0 2 0 2 0 0 2 0 0 2 0 2 0 0 2 0 1 1 0 2 0 0 2 0 2 0 2 0 0 1 1 2 0 1 1 0 2 0 0 2 0 0 2 0 2 0 2 0 0 2 0 2 0 2 0 0 2 0 2 0 0 2 0 0 2 0 2 0 2 0 0 1 0 1 2 0 2 0 2 0 2 0 0 2 0 0 2 0 0 2 0 0 2 0 2 0 2 0 2 0 2 0 0 2 0 2 0 2 0 2 0 0 2 0 2 0 2 0 0 0 2 0 2 0 0 2 0 2 0 0 2 0 0 2 0 2 0 0 2 0 1 1 0
2 0 2 0 2 0 0 2 0 0 2 0 2 0 0 2 0 0 2 0 0 2 0 2 0 2 0 0 2 0 2 0 2 0 2 0 2 0 2 0 2 0 1 1 0 2 0 2 0 2 0 0 2 0 2 0 2 0 2 0 2 0 0 2 0 0 2 0 2 0 0 2 0 1 1 0 1 1 1 1 0 2 0 2 0 0 2 0 2 0 1 1 0 2 0 0 2 0 0 2 0 2 0 0 0 2 2 0 2 0 2 0 0 2 0 2 0 0 2 0 0 2 0 2 0 2 0 0 1 0 1 2 0 2 0 2 0 1 0 1 2 0 0 2 0 0 2 0 0 2 0 2 0 2 0 2 0 2 0 0 2 0 1 1 2 0 2 0 0 2 0 2 0 2 0 0 0 2 0 2 0 0 2 0 2 0 0 2 0 2 0 0 2 0 0 2 0 0 2 0
2 0 2 0 2 0 0 2 0 0 2 0 2 0 0 2 0 0 2 0 0 2 0 2 0 2 0 0 2 0 2 0 2 0 2 0 2 0 2 0 2 0 1 1 0 2 0 2 0 2 0 0 2 0 2 0 2 0 2 0 2 0 0 2 0 0 2 0 2 0 0 2 0 2 0 0 2 0 2 0 0 2 0 0 2 0 2 0 2 0 0 2 0 0 0 2 2 0 0 2 0 2 0 2 0 0 2 0 2 0 2 0 0 2 0 1 0 1 2 0 0 2 0 2 0 2 0 0 0 0 2 2 0 2 0 2 0 1 0 1 2 0 0 2 0 0 2 0 0 2 0 2 0 2 0 2 0 2 0 0 2 0 2 0 2 0 2 0 0 2 0 2 0 2 0 0 0 2 0 2 0 0 2 0 2 0 2 0 0 2 0 0 2 0 0 2 0 0 2 0
2 0 1 1 2 0 0 2 0 0 2 0 2 0 0 2 0 0 2 0 0 2 0 2 0 2 0 0 2 0 2 0 2 0 2 0 2 0 2 0 2 0 1 1 0 2 0 2 0 1 0 1 2 0 2 0 2 0 2 0 2 0 0 2 0 0 1 1 2 0 0 2 0 2 0 0 2 0 0 2 0 2 0 2 0 0 2 0 2 0 0 2 0 2 0 0 2 0 0 2 0 2 0 2 0 0 2 0 2 0 2 0 0 2 0 2 0 0 2 0 0 2 0 2 0 2 0 0 1 0 1 2 0 2 0 2 0 1 0 1 2 0 0 2 0 0 2 0 0 2 0 1 1 1 1 2 0 2 0 0 2 0 1 1 2 0 2 0 0 2 0 2 0 2 0 0 0 2 0 2 0 0 2 0 2 0 0 2 0 0 2 0 2 0 0 2 0 0 2 0
2 0 2 0 2 0 0 2 0 0 2 0 2 0 0 2 0 0 2 0 0 2 0 2 0 2 0 0 1 1 2 0 2 0 2 0 2 0 2 0 2 0 2 0 0 2 0 2 0 2 0 0 2 0 2 0 2 0 2 0 2 0 0 2 0 0 2 0 2 0 0 2 0 2 0 0 2 0 1 1 0 2 0 2 0 0 2 0 2 0 0 2 0 2 0 0 2 0 0 2 0 2 0 2 0 0 2 0 2 0 1 1 0 2 0 2 0 0 2 0 0 2 0 2 0 2 0 0 1 0 1 2 0 2 0 2 0 0 2 0 0 0 2 2 0 0 2 0 0 2 0 2 0 2 0 2 0 2 0 0 2 0 2 0 2 0 2 0 0 2 0 2 0 2 0 0 0 2 0 2 0 0 2 0 2 0 0 2 0 2 0 0 2 0 0 2 0 1 1 0
2 0 2 0 2 0 0 0 2 0 2 0 2 0 0 2 0 0 2 0 0 2 0 2 0 2 0 0 2 0 2 0 2 0 2 0 2 0 2 0 2 0 1 1 0 2 0 2 0 2 0 0 2 0 2 0 2 0 2 0 2 0 0 2 0 0 2 0 2 0 0 2 0 2 0 0 2 0 0 2 0 2 0 2 0 0 2 0 2 0 0 2 0 2 0 0 2 0 0 2 0 2 0 2 0 0 2 0 2 0 2 0 0 2 0 2 0 0 2 0 0 2 0 2 0 2 0 0 0 0 2 2 0 2 0 2 0 1 0 1 2 0 0 2 0 0 2 0 0 2 0 2 0 2 0 2 0 2 0 0 2 0 2 0 2 0 2 0 0 2 0 2 0 2 0 0 0 2 0 1 1 0 2 0 2 0 0 2 0 2 0 0 2 0 0 2 0 0 2 0
2 0 1 1 2 0 0 2 0 0 2 0 2 0 0 2 0 0 2 0 0 2 0 2 0 2 0 0 2 0 2 0 2 0 2 0 2 0 2 0 2 0 2 0 0 2 0 2 0 2 0 0 2 0 2 0 2 0 2 0 0 2 0 2 0 0 2 0 2 0 0 2 0 1 1 0 2 0 0 2 0 2 0 2 0 0 2 0 2 0 0 2 0 2 0 0 2 0 0 2 0 2 0 2 0 0 2 0 2 0 2 0 0 2 0 2 0 0 2 0 0 2 0 2 0 2 0 0 0 2 0 2 0 2 0 2 0 1 0 1 2 0 0 0 2 0 2 0 0 2 0 2 0 1 1 2 0 1 0 1 2 0 2 0 2 0 2 0 0 2 0 2 0 2 0 0 0 2 0 2 0 0 2 0 2 0 0 2 0 2 0 0 2 0 0 2 0 0 2 0
2 0 2 0 2 0 0 0 2 0 2 0 2 0 0 2 0 0 2 0 0 2 0 2 0 2 0 0 2 0 2 0 2 0 2 0 2 0 2 0 2 0 2 0 0 2 0 2 0 2 0 0 2 0 2 0 2 0 2 0 2 0 0 2 0 0 2 0 2 0 0 2 0 2 0 0 2 0 1 1 0 2 0 2 0 0 2 0 2 0 0 2 0 2 0 0 2 0 0 2 0 2 0 2 0 0 2 0 2 0 2 0 0 2 0 2 0 0 2 0 0 2 0 2 0 2 0 0 1 0 1 2 0 2 0 2 0 2 0 0 2 0 0 2 0 0 2 0 0 2 0 2 0 2 0 2 0 2 0 0 2 0 2 0 2 0 2 0 0 2 0 2 0 2 0 0 0 2 0 2 0 0 1 1 2 0 0 2 0 2 0 0 2 0 0 2 0 0 2 0
2 0 2 0 2 0 0 2 0 0 2 0 2 0 0 2 0 0 2 0 0 2 0 2 0 2 0 0 2 0 2 0 2 0 2 0 2 0 2 0 2 0 0 2 0 2 0 2 0 2 0 0 2 0 2 0 2 0 2 0 0 2 0 2 0 0 2 0 1 0 1 2 0 2 0 0 2 0 1 1 0 2 0 2 0 0 2 0 2 0 0 2 0 2 0 0 2 0 0 2 0 2 0 2 0 0 2 0 2 0 2 0 0 2 0 2 0 0 2 0 0 2 0 2 0 2 0 0 2 0 0 2 0 2 0 2 0 1 0 1 2 0 0 2 0 0 2 0 0 2 0 2 0 2 0 2 0 1 0 1 2 0 2 0 2 0 2 0 0 2 0 2 0 2 0 0 0 2 0 1 1 0 2 0 2 0 0 2 0 2 0 0 2 0 0 2 0 0 2 0
2 0 2 0 2 0 0 2 0 0 2 0 2 0 0 2 0 0 2 0 0 2 0 2 0 2 0 0 2 0 2 0 2 0 2 0 2 0 2 0 2 0 1 1 0 2 0 2 0 0 2 0 2 0 2 0 2 0 2 0 2 0 0 2 0 0 2 0 2 0 0 2 0 2 0 0 2 0 0 2 0 2 0 0 2 0 2 0 2 0 0 2 0 2 0 0 2 0 0 2 0 2 0 2 0 0 2 0 2 0 2 0 0 2 0 2 0 0 2 0 0 2 0 2 0 2 0 0 1 0 1 2 0 2 0 2 0 1 0 1 2 0 0 2 0 0 2 0 0 2 0 2 0 2 0 2 0 2 0 0 2 0 2 0 2 0 2 0 0 2 0 2 0 2 0 0 0 2 0 1 1 0 2 0 2 0 2 0 0 2 0 0 2 0 0 1 1 0 2 0
2 0 2 0 2 0 0 2 0 0 2 0 2 0 0 2 0 0 2 0 0 2 0 2 0 2 0 0 2 0 2 0 2 0 2 0 2 0 2 0 2 0 1 1 0 2 0 2 0 2 0 0 1 1 2 0 2 0 2 0 2 0 0 2 0 0 2 0 2 0 0 2 0 2 0 0 2 0 1 1 0 2 0 2 0 0 1 1 2 0 0 2 0 2 0 0 2 0 0 2 0 2 0 2 0 0 2 0 2 0 2 0 0 2 0 2 0 0 2 0 0 2 0 2 0 2 0 0 0 0 2 2 0 2 0 2 0 2 0 0 2 0 0 0 2 0 2 0 0 2 0 2 0 2 0 2 0 2 0 0 2 0 2 0 2 0 1 0 1 2 0 2 0 2 0 0 0 2 0 1 1 0 2 0 2 0 0 2 0 2 0 0 2 0 0 1 1 0 2 0
2 0 2 0 2 0 0 2 0 0 2 0 2 0 0 2 0 0 2 0 0 2 0 2 0 2 0 0 1 1 2 0 2 0 2 0 1 1 2 0 2 0 2 0 0 2 0 2 0 2 0 0 2 0 2 0 0 2 2 0 0 2 0 2 0 0 2 0 2 0 0 2 0 2 0 0 2 0 1 1 0 2 0 2 0 0 2 0 2 0 0 0 2 2 0 0 2 0 0 2 0 2 0 2 0 0 2 0 2 0 2 0 0 2 0 2 0 0 2 0 0 2 0 2 0 0 0 2 0 2 0 2 0 2 0 2 0 2 0 0 0 0 2 0 2 0 2 0 0 2 0 2 0 2 0 2 0 2 0 0 2 0 2 0 2 0 2 0 0 2 0 2 0 2 0 0 0 2 0 1 1 0 2 0 2 0 0 2 0 0 2 0 0 0 2 2 0 0 2 0
2 0 2 0 2 0 0 2 0 0 2 0 2 0 0 2 0 0 2 0 0 2 0 2 0 2 0 0 2 0 2 0 2 0 2 0 2 0 2 0 2 0 1 1 0 2 0 2 0 2 0 0 2 0 2 0 2 0 2 0 2 0 0 2 0 0 2 0 2 0 0 2 0 2 0 0 2 0 1 1 0 2 0 2 0 0 1 1 2 0 0 2 0 2 0 0 2 0 0 2 0 2 0 2 0 0 2 0 2 0 2 0 0 2 0 2 0 0 2 0 0 2 0 2 0 2 0 0 0 2 0 2 0 2 0 2 0 0 2 0 2 0 0 2 0 0 2 0 0 2 0 2 0 2 0 2 0 2 0 0 2 0 2 0 2 0 2 0 0 2 0 2 0 2 0 0 0 2 0 1 1 0 2 0 2 0 0 2 0 2 0 0 2 0 0 2 0 0 2 0
2 0 2 0 2 0 0 2 0 0 2 0 2 0 0 2 0 0 2 0 0 2 0 2 0 2 0 0 2 0 2 0 2 0 2 0 2 0 2 0 2 0 2 0 0 2 0 2 0 2 0 0 2 0 2 0 2 0 2 0 2 0 0 2 0 0 2 0 2 0 0 2 0 2 0 0 2 0 1 1 0 2 0 2 0 0 2 0 2 0 0 2 0 2 0 0 2 0 0 2 0 2 0 2 0 0 2 0 2 0 2 0 0 2 0 2 0 0 2 0 0 2 0 2 0 2 0 0 1 0 1 2 0 2 0 2 0 2 0 0 2 0 0 2 0 0 2 0 0 2 0 2 0 2 0 2 0 2 0 0 2 0 2 0 2 0 2 0 0 2 0 2 0 2 0 0 0 2 0 2 0 0 2 0 2 0 0 2 0 2 0 0 2 0 0 2 0 0 2 0
2 0 2 0 2 0 0 0 2 0 2 0 2 0 0 2 0 0 2 0 0 2 0 2 0 2 0 0 2 0 2 0 2 0 2 0 2 0 2 0 2 0 2 0 0 2 0 2 0 2 0 0 2 0 2 0 2 0 2 0 2 0 0 2 0 0 2 0 2 0 0 2 0 2 0 0 2 0 0 2 0 2 0 2 0 0 2 0 2 0 0 2 0 2 0 0 2 0 0 2 0 2 0 2 0 0 2 0 2 0 2 0 0 2 0 2 0 0 2 0 0 2 0 2 0 2 0 0 1 0 1 2 0 2 0 2 0 0 2 0 2 0 0 2 0 0 2 0 0 2 0 2 0 2 0 2 0 2 0 0 2 0 2 0 2 0 2 0 0 2 0 2 0 2 0 0 0 2 0 2 0 0 2 0 2 0 0 2 0 2 0 0 2 0 0 2 0 0 2 0
2 0 2 0 2 0 0 2 0 0 2 0 2 0 0 2 0 0 2 0 0 2 0 2 0 2 0 0 2 0 2 0 2 0 2 0 2 0 2 0 2 0 0 2 0 2 0 2 0 2 0 0 2 0 2 0 2 0 1 1 2 0 0 0 0 2 2 0 2 0 0 2 0 2 0 0 2 0 0 2 0 2 0 2 0 0 1 1 2 0 0 2 0 2 0 0 2 0 0 2 0 2 0 0 0 2 2 0 2 0 2 0 0 2 0 2 0 0 2 0 0 2 0 2 0 2 0 0 2 0 0 2 0 2 0 2 0 2 0 0 2 0 0 2 0 0 2 0 0 2 0 2 0 2 0 2 0 2 0 0 2 0 2 0 2 0 2 0 0 2 0 2 0 2 0 0 0 2 0 2 0 0 2 0 2 0 0 2 0 2 0 0 2 0 0 2 0 0 2 0
2 0 2 0 2 0 0 2 0 0 2 0 2 0 0 2 0 0 2 0 0 2 0 2 0 2 0 0 2 0 2 0 2 0 2 0 2 0 2 0 2 0 2 0 0 2 0 2 0 2 0 0 2 0 2 0 2 0 2 0 2 0 0 2 0 0 2 0 2 0 0 2 0 2 0 0 2 0 0 2 0 2 0 0 2 0 2 0 2 0 1 1 0 2 0 0 2 0 0 2 0 2 0 2 0 0 2 0 2 0 2 0 0 2 0 2 0 0 2 0 0 2 0 2 0 2 0 0 1 0 1 2 0 2 0 2 0 1 0 1 2 0 0 0 2 0 2 0 0 2 0 2 0 2 0 2 0 2 0 0 2 0 2 0 2 0 2 0 0 2 0 2 0 2 0 0 0 2 0 0 2 0 2 0 2 0 0 2 0 2 0 0 2 0 0 2 0 0 2 0
2 0 2 0 2 0 0 0 2 0 2 0 2 0 0 2 0 0 2 0 0 2 0 2 0 2 0 0 2 0 2 0 2 0 2 0 2 0 2 0 2 0 0 2 0 2 0 2 0 2 0 0 2 0 2 0 2 0 2 0 0 2 0 2 0 0 2 0 2 0 0 2 0 2 0 0 2 0 0 2 0 2 0 2 0 0 1 1 2 0 0 2 0 2 0 0 2 0 0 2 0 2 0 2 0 0 2 0 2 0 2 0 0 2 0 2 0 0 2 0 0 2 0 2 0 2 0 0 1 0 1 2 0 2 0 2 0 1 0 1 2 0 0 2 0 0 2 0 0 2 0 2 0 1 1 2 0 2 0 0 2 0 2 0 2 0 2 0 0 2 0 2 0 2 0 0 0 2 0 1 1 0 2 0 2 0 0 2 0 2 0 0 1 1 0 2 0 0 2 0
2 0 2 0 2 0 0 2 0 0 2 0 2 0 0 2 0 0 2 0 0 2 0 2 0 2 0 0 2 0 2 0 2 0 2 0 2 0 2 0 2 0 2 0 0 2 0 2 0 2 0 0 2 0 2 0 2 0 2 0 2 0 0 2 0 0 2 0 2 0 0 2 0 2 0 0 2 0 0 2 0 2 0 2 0 0 2 0 2 0 0 2 0 2 0 0 2 0 0 2 0 2 0 2 0 0 2 0 2 0 1 1 0 2 0 2 0 0 2 0 0 2 0 2 0 2 0 0 1 0 1 2 0 2 0 2 0 1 0 1 2 0 0 2 0 0 2 0 0 2 0 2 0 2 0 2 0 1 0 1 2 0 2 0 2 0 2 0 0 2 0 2 0 2 0 0 0 2 0 1 1 0 2 0 2 0 0 2 0 2 0 0 2 0 0 2 0 0 2 0
